1.425736 0.359326
-1.425736 0.359326
1.425736 -0.359326
-1.425736 -0.359326
0.162827 0.213894
-0.162827 0.213894
0.162827 -0.213894
-0.162827 -0.213894
0.937898 0.240419
-0.937898 0.240419
0.937898 -0.240419
-0.937898 -0.240419
0.536191 0.223461
-0.536191 0.223461
0.536191 -0.223461
-0.536191 -0.223461
0.324207 1.246771
-0.324207 1.246771
0.324207 -1.246771
-0.324207 -1.246771
0.174042 0.706463
-0.174042 0.706463
0.174042 -0.706463
-0.174042 -0.706463
0.885189 0.926087
-0.885189 0.926087
0.885189 -0.926087
-0.885189 -0.926087
0.519867 0.624999
-0.519867 0.624999
0.519867 -0.624999
-0.519867 -0.624999
