1.178611 0.890762
-1.178611 0.890762
1.178611 -0.890762
-1.178611 -0.890762
0.313782 1.515230
-0.313782 1.515230
0.313782 -1.515230
-0.313782 -1.515230
0.725539 1.030327
-0.725539 1.030327
0.725539 -1.030327
-0.725539 -1.030327
0.252326 1.112088
-0.252326 1.112088
0.252326 -1.112088
-0.252326 -1.112088
0.421477 0.133182
-0.421477 0.133182
0.421477 -0.133182
-0.421477 -0.133182
0.133210 0.089240
-0.133210 0.089240
0.133210 -0.089240
-0.133210 -0.089240
0.346091 0.290078
-0.346091 0.290078
0.346091 -0.290078
-0.346091 -0.290078
0.119533 0.315677
-0.119533 0.315677
0.119533 -0.315677
-0.119533 -0.315677
0.945025 0.460943
-0.945025 0.460943
0.945025 -0.460943
-0.945025 -0.460943
1.157897 0.206275
-1.157897 0.206275
1.157897 -0.206275
-1.157897 -0.206275
0.626996 0.688304
-0.626996 0.688304
0.626996 -0.688304
-0.626996 -0.688304
0.208902 0.845025
-0.208902 0.845025
0.208902 -0.845025
-0.208902 -0.845025
0.677781 0.171070
-0.677781 0.171070
0.677781 -0.171070
-0.677781 -0.171070
1.554283 0.286050
-1.554283 0.286050
1.554283 -0.286050
-1.554283 -0.286050
0.490554 0.502778
-0.490554 0.502778
0.490554 -0.502778
-0.490554 -0.502778
0.162807 0.613254
-0.162807 0.613254
0.162807 -0.613254
-0.162807 -0.613254
